	        [1864, 1865, 1866, 1867, 1868, 1869, 1870, 1871, 1872, 1873,
            1948, 1949, 1950, 1951, 1952, 1953, 1954, 1955, 1956, 1957,
            2032, 2033, 2034, 2035, 2036, 2037, 2038, 2039, 2040, 2041,
            0, 0, 0, 0, 0, 0, 0, 0, 0, 0,
            0, 0, 0, 0, 0, 0, 0, 0, 0, 0,
            0, 0, 0, 0, 0, 0, 0, 0, 0, 0,
            1445, 1446, 1447, 1448, 1449, 1450, 1451, 1452, 1453, 1454,
            1528, 1529, 1530, 1531, 1532, 1533, 1534, 1535, 1536, 1537,
            1538, 1531, 1537, 1533, 1538, 1538, 1530, 1539, 1529, 1529,
            1532, 1533, 1527, 1539, 1530, 1535, 1539, 1528, 1535, 1538]
         